approxAnzahl,contureDistance,conturenAnzahl,farPoint,keyPointsAnzahl,minimal_ratio,seradity,solidity,steiner,type
20,1.10775186053411,4,18607,429,2.1875,0.8379598259975555,0.5221144208405912,9.848857801796104,Korkenzieher
24,0.91940070544134,1,31591,427,1.3324868935328114,0.7456988158857746,0.3711592631241517,107.00467279516349,Korkenzieher
21,1.2462440022988521,5,6409,423,3.4106451222132224,0.9101472334622318,0.7817677198975235,9.055385138137417,Flaschenoeffner
44,1.6011641503006238,11,15910,463,1.4180997928779269,0.5394462209103209,0.5781834384240444,13.416407864998739,Korkenzieher
21,0.9544982070689931,8,73819,510,2.0212064118464723,0.5893429939817,0.3954285470983125,4.47213595499958,Dosenoeffner
19,1.4261162553830729,1,48011,309,2.617391304347826,0.647762604206397,0.736158853214364,9.0,Dosenoeffner
16,1.3184577836760931,2,11094,267,2.051147766897873,0.9036463174856917,0.7125387793714612,21.095023109728988,Korkenzieher
28,1.2432061797738394,10,43304,479,1.3838402076189114,0.593310037410324,0.4715112050154134,24.186773244895647,Korkenzieher
22,1.4020823099156063,3,34552,376,1.885673895129378,0.7269030489799087,0.7435858889557025,18.110770276274835,Dosenoeffner
24,1.1016536455234747,5,18436,446,2.3766547980108457,0.862715192791638,0.6677281332414126,21.470910553583888,Flaschenoeffner
19,1.1512681275159513,3,7142,347,5.16453896470192,0.8998378811146512,0.9026676103775657,13.152946437965905,Korkenzieher
12,1.9831107407543975,6,284,424,4.015873015873016,0.9686704351579885,0.9828870468696284,9.055385138137417,Dosenoeffner
23,1.008367451959654,9,15855,445,2.7035866902727594,0.7559363518162613,0.615097393639524,7.211102550927978,Korkenzieher
27,1.2667962882604253,1,27296,426,1.220099573880048,0.7593609910203112,0.44795274925306644,76.16429609731846,Korkenzieher
20,1.3287998022171983,3,38144,425,2.3372657466718336,0.6399578266843916,0.6398016762094432,20.396078054371138,Dosenoeffner
28,0.8656907638498625,1,47417,452,1.4437689969604863,0.6962769478143443,0.7008521051751305,89.20201791439474,Korkenzieher
4,1.05977407305653,2,20000,204,1.0,1.0,1.0,0.0,Flaschenoeffner
16,1.135390506807219,2,10884,395,2.7798756087868624,0.909838916238166,0.7471770715849533,23.769728648009426,Flaschenoeffner
14,1.0866691269133848,4,9420,387,3.065040650406504,0.9088859964317395,0.7024732574776862,35.014282800023196,Flaschenoeffner
22,1.0723688944240164,3,59134,433,1.5703587316094576,0.5660513022458074,0.4977587328979986,4.0,Dosenoeffner
14,1.154949523324607,1,4017,218,6.885328990775742,0.9234490412079379,0.7720281839533298,20.518284528683193,Korkenzieher
20,1.372003656688711,6,13850,502,2.5538461538461537,0.8207612889231666,0.7430391946883701,15.132745950421556,Korkenzieher
21,1.273555411588608,4,9082,399,3.44740520140068,0.8423968115545035,0.7689850036941632,20.024984394500787,Dosenoeffner
27,1.1426870042179418,3,60403,444,1.681421086802658,0.6261595967076975,0.5724152281257753,20.12461179749811,Dosenoeffner
13,1.2505676369781595,3,7076,362,2.44161272549547,0.9280524381848494,0.7429379145373491,31.575306807693888,Flaschenoeffner
16,1.174272252956556,2,35320,361,2.4352436047092287,0.7087931610814001,0.5880165979725966,7.810249675906654,Dosenoeffner
39,1.4099929619915292,12,25686,463,1.700484469782643,0.6381700002084159,0.432276087443503,38.01315561749642,Korkenzieher
23,2.492774622742745,1,25968,307,1.6787171500933797,0.7005754979299575,0.6043433867420672,9.433981132056603,Dosenoeffner
26,0.9936179142701435,6,71417,495,3.0593618991907965,0.46197853471404954,0.5612811405365282,63.63961030678928,Dosenoeffner
17,1.2608064720477177,6,13808,349,2.350212904869634,0.8147739720838081,0.6301969070916164,6.4031242374328485,Korkenzieher
12,1.2461916743460462,3,2545,306,3.6142856550984934,0.9303229214023516,0.9323251207818892,21.633307652783937,Flaschenoeffner
19,1.4261162553830729,1,48011,309,2.617391304347826,0.647762604206397,0.736158853214364,9.0,Dosenoeffner
19,1.1512681275159513,3,7142,347,5.16453896470192,0.8998378811146512,0.9026676103775657,13.152946437965905,Korkenzieher
16,1.087535192208922,2,7926,374,3.6171942925591183,0.9070601341498336,0.8229497458097774,7.810249675906654,Flaschenoeffner
23,1.1374511245708985,6,42407,500,1.6496800588703793,0.5880118504236629,0.4850754869194422,6.708203932499369,Korkenzieher
20,1.10775186053411,4,18607,429,2.1875,0.8379598259975555,0.5221144208405912,9.848857801796104,Korkenzieher
25,0.9944046082002254,5,22106,439,1.8871409174801306,0.8352710689462717,0.7869892025561296,10.44030650891055,Flaschenoeffner
28,0.9963130596356138,2,23931,426,1.621430217214862,0.7228464782322885,0.42219510678645816,41.43669871020132,Korkenzieher
19,0.9912260402816399,2,13811,359,1.8061310303689722,0.9045455357120147,0.7493695456751231,37.21558813185679,Flaschenoeffner
26,0.9096004170136882,5,31507,425,1.5680804040637517,0.6647234781860548,0.6645325611590583,35.34119409414458,Flaschenoeffner
19,1.211766625814393,1,5896,295,3.2821181767292593,0.9099946519689526,0.8720823409322899,10.44030650891055,Dosenoeffner
14,1.324050652417511,2,4046,288,6.058639434265683,0.9348131893517521,0.8817552549692005,2.23606797749979,Flaschenoeffner
30,0.951202944844472,10,74995,445,2.566784774250356,0.4589353133211957,0.6360474546229798,26.0,Dosenoeffner
20,1.5228709758609766,3,27976,322,1.6167665808430385,0.7611319735769114,0.7180557478881877,17.72004514666935,Dosenoeffner
19,0.8066330987535513,8,15104,451,2.2222222222222223,0.8632935696667425,0.7974342956583821,40.01249804748511,Korkenzieher
6,1.5603402953821586,2,292,237,1.5574712643678161,0.9911762360773156,0.9950497707431787,1.0,Flaschenoeffner
16,1.2352042588776466,2,3278,293,2.1337579617834397,0.9519349241191851,0.9207885612066113,14.035668847618199,Flaschenoeffner
14,1.324050652417511,2,4046,288,6.058639434265683,0.9348131893517521,0.8817552549692005,2.23606797749979,Flaschenoeffner
16,0.8849443437763805,2,5937,350,3.0186192280764295,0.9336742486730761,0.9222212451635596,12.649110640673518,Flaschenoeffner
17,1.0277301935997425,2,9209,434,3.584588072334049,0.8894165713664582,0.8447411650730803,0.0,Flaschenoeffner
33,1.1285771331105996,10,20543,478,2.0581650683927473,0.6245182483026188,0.6476679359264793,16.15549442140351,Korkenzieher
20,1.080777975489245,4,8538,413,2.7550409493380115,0.8783256656904731,0.7874717382630669,6.708203932499369,Dosenoeffner
24,0.9656380609563012,5,15867,453,2.6305457111431867,0.804424983403801,0.6617479399742323,17.4928556845359,Dosenoeffner
29,0.9465616909721635,11,30068,434,2.8947955800071337,0.5843992935433039,0.5564854905078591,24.166091947189145,Flaschenoeffner
26,1.1663807471041632,1,29466,425,2.0072872703841744,0.7149108026923897,0.4254675392240081,12.041594578792296,Korkenzieher
23,1.008367451959654,9,15855,445,2.7035866902727594,0.7559363518162613,0.615097393639524,7.211102550927978,Korkenzieher
21,1.444762812674797,1,6330,313,2.205637950328343,0.8463473813354058,0.839559212080854,21.18962010041709,Dosenoeffner
4,1.05977407305653,3,20000,320,1.0,1.0,1.0,0.0,Flaschenoeffner
27,1.0731254690564174,2,29660,432,2.0025291297206445,0.6506143762704918,0.4992875552668525,30.23243291566195,Korkenzieher
24,0.6665468837083642,35,167448,501,3.4911567959518734,0.554667901940554,0.5607864472918973,10.04987562112089,Dosenoeffner
18,1.0013882149510702,2,6450,350,2.747715468896323,0.9375097798873152,0.9043690666857547,10.04987562112089,Flaschenoeffner
22,0.8846258710201831,2,14059,417,3.7914966142739135,0.8142753179353409,0.5726281488908385,14.317821063276353,Flaschenoeffner
4,1.028369392968509,35,20000,502,1.1022099447513811,1.0,1.0,0.0,Flaschenoeffner
13,1.0431170190557122,2,3617,346,5.593770303095548,0.9176564362597723,0.8179972936400541,20.024984394500787,Flaschenoeffner
33,1.142435901617884,8,20971,500,1.7899490851422815,0.6559322230970389,0.7097049788231873,4.123105625617661,Dosenoeffner
26,1.1389740661959222,2,11967,426,2.307637711412371,0.8363825336197969,0.8113529778524764,15.524174696260024,Flaschenoeffner
15,0.897299111958216,2,5823,372,2.347058823529412,0.9442713052851684,0.867117941212343,37.48332962798263,Flaschenoeffner
25,0.9787725600539914,4,40025,496,3.271045531815324,0.6349180472332068,0.7767982059089786,29.068883707497267,Flaschenoeffner
24,1.088953507996854,4,13706,487,2.630934002684843,0.8100467418731668,0.6630208550139449,15.297058540778355,Dosenoeffner
18,1.226649808979616,14,9122,466,1.3492517129020931,0.8647199271548281,0.9405807435756257,16.0312195418814,Flaschenoeffner
23,1.1045034408924306,3,39261,431,1.095318017362665,0.6320463531763851,0.4341276578942173,40.44749683231337,Korkenzieher
24,1.088953507996854,4,13706,487,2.630934002684843,0.8100467418731668,0.6630208550139449,15.297058540778355,Dosenoeffner
26,0.8862610480003654,8,38677,469,2.2060545834231475,0.6178841273918896,0.3971388540668092,46.09772228646444,Korkenzieher
22,1.2700078237539807,1,28703,317,1.0034364261168385,0.7603354909696515,0.342455785750379,95.0,Korkenzieher
25,1.1241361115262436,4,13581,481,2.638695803825902,0.810114084552876,0.6633873760428144,15.524174696260024,Dosenoeffner
26,1.1783187211070087,1,33739,373,2.7121953766273745,0.668414202768407,0.7158959759944603,4.0,Dosenoeffner
38,1.104481895380884,3,15193,438,2.2639585646947458,0.7180234003844097,0.7392166854730099,24.08318915758459,Korkenzieher
23,1.165200217107941,4,14323,442,2.593103448275862,0.805446564410422,0.6998882284735353,22.02271554554524,Korkenzieher
24,1.0748430049068258,6,4134,414,4.631040071763867,0.8892862509686486,0.8797485493230174,7.280109889280518,Korkenzieher
8,1.1945413397390978,7,293,314,2.3076923076923075,0.9887632933286553,0.9948277739464992,2.23606797749979,Flaschenoeffner
42,1.0365007307542435,1,26691,463,1.5402033315479404,0.6992935774673642,0.42161689170923267,72.11102550927978,Korkenzieher
9,0.9414661046712509,4,2090,321,6.2358190280688195,0.934236821660237,0.9176526490852934,8.94427190999916,Flaschenoeffner
23,1.0892074779853549,8,23161,452,2.624713824844612,0.7106910097606988,0.744832600861857,17.08800749063506,Dosenoeffner
14,0.938444596063019,3,8340,392,4.163690220651567,0.9207079502727056,0.7232427804156613,12.36931687685298,Flaschenoeffner
22,1.2700078237539807,1,28703,317,1.0034364261168385,0.7603354909696515,0.342455785750379,95.0,Korkenzieher
25,1.2718456220600916,4,40297,437,1.055354252492396,0.6150425153359367,0.3406247755834829,46.61544808322666,Korkenzieher
27,1.3737041208012988,17,18090,500,1.1259180214231261,0.6360135251561183,0.6987219138356241,9.433981132056603,Korkenzieher
33,1.1285771331105996,10,20543,478,2.0581650683927473,0.6245182483026188,0.6476679359264793,16.15549442140351,Korkenzieher
26,1.3015448136797425,7,20725,432,2.255211857088294,0.6998149697252525,0.6041557491926147,13.601470508735444,Korkenzieher
28,1.077297347564339,16,26177,505,2.3506279266307346,0.6879841049343306,0.6393759621522171,20.396078054371138,Korkenzieher
23,0.8505587421672267,3,16362,433,3.2412191710333698,0.886958369218027,0.6780266147354755,1.4142135623730951,Flaschenoeffner
25,0.9874134255956031,4,64305,432,1.8294584151848214,0.6582010939705532,0.5976724519792213,25.80697580112788,Dosenoeffner
16,1.4379191104900073,2,5443,277,4.004536443022202,0.936584054521429,0.8479201137914018,6.4031242374328485,Flaschenoeffner
26,1.0958006088319965,5,19431,476,2.0249330252274333,0.7377718968008335,0.5003433429614693,41.0,Korkenzieher
26,1.1663807471041632,1,29466,425,2.0072872703841744,0.7149108026923897,0.4254675392240081,12.041594578792296,Korkenzieher
26,1.557659403737943,2,21462,425,1.2964764381077531,0.6194768177499391,0.4660953906898229,20.248456731316587,Korkenzieher
