approxAnzahl,areaRatio,circleLike,contureDistance,conturenAnzahl,farPoint,keyPointsAnzahl,mean_val,middlepointDistance,minimal_ratio,minimal_ratio2,momentpointDistance,rectangleLike,seradity,seradity2,solidity,solidity2,steiner,type
15,0.1387712165581554,0.6529467926018195,1.1788126272484412,4,10043,425,203.7302338530067,0.22458012258372892,3.148572425072575,1.1690139603657217,16.97056274847714,1.9917768669698068,0.9042306724536862,0.9586678442330655,0.6171676229580109,0.9876568191015783,35.510561809129406,Flaschenoeffner
27,0.12277231525579967,0.4600227963848909,1.0724828749000608,4,12501,416,200.6964967310381,7.109780397998533,3.5162830074242133,1.8562805770575324,31.32091952673165,1.3818591032855587,0.8741226416563979,0.9465757413029556,0.757962154294032,0.9077097827630272,23.769728648009426,Flaschenoeffner
19,1.0,0.332907457326141,1.4261162553830729,1,48011,309,255.00000000000003,-4.20265780730897,2.617391304347826,2.617391304347826,-11.40175425099138,0.7844854968478758,0.647762604206397,0.647762604206397,0.736158853214364,0.736158853214364,9.0,Dosenoeffner
21,1.0,0.5565046791104948,2.0987919999636415,1,13297,317,255.00000000000003,0.6273621535540075,2.254221990219801,2.254221990219801,3.0,1.620885323085016,0.7554032566275791,0.7554032566275791,0.45060973036837,0.45060973036837,2.23606797749979,Korkenzieher
23,0.055288522032362786,0.24748057212009322,1.023285959285953,31,19596,445,241.524064171123,23.162987124957347,2.576631974258674,1.5169810317339265,67.47592163134935,0.607021128327949,0.70134485714256,0.9473182405210072,0.7825633148213793,0.9359556944049986,17.4928556845359,Flaschenoeffner
8,0.05721870439109599,0.0348025751474621,1.124456389009997,2,3052,479,240.99752218048118,96.87101673293468,1.232248605170063,2.705169887525257,126.82665335015349,0.9697317807389476,0.9243981904017745,0.8976065957166998,0.9867215494171543,0.7430788747108424,8.48528137423857,Flaschenoeffner
33,0.00541622760800843,0.4847340409468387,1.3530665717394599,17,30424,471,252.32349323493236,-32.46439965319267,1.1902070756119272,1.4,-0.0,0.8391472982303861,0.6465007051587972,0.8988917940590962,0.4034658095675391,0.7883435582822086,42.44997055358225,Korkenzieher
26,0.18195447420718225,0.32098638498645726,0.7071329136257657,9,38922,539,169.28040855841425,58.05837337261071,2.6973645408318854,1.092057761065835,183.86136081297778,0.8917908235922266,0.8183573517510264,0.8015635187320275,0.7954424644533935,0.9625122614795211,53.009433122794285,Flaschenoeffner
23,0.013581047022395046,0.2792166228098508,1.0852869010102169,3,30736,440,255.0,5.610547170493174,1.764443758475965,1.9110867728946304,47.80167361086848,0.3732956773615804,0.7253303968533138,0.908276420985448,0.5392004597201299,0.6286666666666667,54.45181356024793,Korkenzieher
23,0.03594808774549213,0.36936875192983565,1.0892074779853549,8,23161,452,232.48476211975847,11.048823580497144,2.624713824844612,2.7068964274773504,44.10215414239989,1.0510169521266661,0.7106910097606988,0.9077847582600077,0.744832600861857,0.9102144674663759,17.08800749063506,Dosenoeffner
17,1.0,0.4060381834753691,0.7600718323228417,1,127952,323,254.99999999999997,8.609620536783646,2.4391318885983226,2.4391318885983226,-4.0,1.1584062253057983,0.5986092714728889,0.5986092714728889,0.6993653583284515,0.6993653583284515,37.21558813185679,Dosenoeffner
26,1.0,0.5113708788101022,1.2364234954250768,1,24648,421,255.0,-2.257701449827106,1.2527905870649063,1.2527905870649063,9.219544457292887,1.1704520804650227,0.7419078584214867,0.7419078584214867,0.36106467789636104,0.36106467789636104,93.40770846134703,Korkenzieher
19,0.06103113079857266,0.37294535757783953,1.3213651301022586,8,16650,441,216.04967987291195,15.846622871594958,1.995553049878379,2.338346019158571,35.73513677041127,1.0290472763098877,0.7824909631020931,0.9610316667298971,0.5537687894356697,0.9763779527559056,22.090722034374522,Korkenzieher
18,0.09415001976344675,0.1668762350545443,1.1378331180542307,2,12955,411,231.9076329434463,35.03701669990468,2.4251660428960884,1.790769640803863,83.18653737234169,0.29484272219827967,0.8191351713623677,0.8622136993098016,0.9691263895334703,0.6931557445855951,2.23606797749979,Flaschenoeffner
22,0.1775626636737748,0.392929350440344,1.1158839521941324,3,24688,419,205.7949876746097,-18.452796219399115,1.518352618167923,1.6721519921796084,12.206555615733702,0.44748367897910596,0.7310353830196136,0.9554984592746714,0.47446194808076325,0.9542598642875094,59.405386961116584,Korkenzieher
28,0.07770436585049877,0.7587199186519167,1.075425686966118,6,14425,449,213.2722605325414,0.43909280685157287,3.220762308800799,3.0,10.0,2.324931026783809,0.8134446252175753,0.9313412566935922,0.43765450298233277,0.9046757164404223,10.44030650891055,Korkenzieher
14,0.12223242526272829,0.2779892438164333,1.052626882065694,3,3665,330,212.095528820255,16.694589648243266,3.052532005800221,2.0166666666666666,51.419840528729765,0.7690250818302409,0.9456322096838536,0.9566526303821934,0.9220228078060814,0.9880865102639296,2.23606797749979,Flaschenoeffner
23,0.006281687137082312,0.2909979278244401,0.8465654355263158,3,61861,441,252.5251705099058,10.282478112000666,2.276630163123632,1.0,5.385164807134504,0.7407081774366122,0.604929109018296,0.9602433163949876,0.7942485371111796,0.9715142428785607,36.138621999185304,Dosenoeffner
33,0.8200126695877105,0.39326751345361266,1.4799214085887382,6,27342,459,255.0,-6.863381853083123,1.0199053687877655,4.39039857517111,13.892443989449804,0.40484618648444026,0.7171410141513028,0.9430177114920985,0.4440199238206856,0.9622138941369591,34.66987164671943,Korkenzieher
25,0.042346268770340485,0.3219788759588175,1.104762472576666,5,11169,443,241.69797552669985,15.365445647817605,2.574613310699764,1.3617020837001603,49.24428900898052,0.8337144336683093,0.8162007876044259,0.9635425085458343,0.7363501317338416,0.9810405643738977,26.476404589747453,Korkenzieher
16,0.08709934769346285,0.5004866616356487,1.1032585972899405,2,8378,368,234.0713758760605,3.9681959612678934,3.7207898007929616,1.9109834035319035,23.259406699226016,1.5315997408543793,0.9108879341675687,0.9491487562660708,0.7512427287149657,0.9500895828001024,10.0,Flaschenoeffner
12,0.10676708063289764,0.1253439472078729,1.028143997287224,2,577,342,228.462119685674,42.29711705059482,2.190070946588624,1.5196076109770509,88.40814442120137,0.08198071093854897,0.9609461115309466,0.9458213924680228,0.9912428668843987,0.9862867081410128,5.0,Flaschenoeffner
29,0.0895014349596209,0.3533021796699222,0.8385927615613492,8,27830,436,240.0271425574321,-4.6329407426058635,2.0362835736919713,3.4980210165141443,49.20365840057018,0.8536207265168059,0.6992651784283845,0.7496468318341875,0.5517990645600854,0.46845525047159925,76.24303246854758,Dosenoeffner
23,0.11508605126970754,0.3654254751144004,0.9841456983716074,5,19066,439,193.05276716709602,14.723713553613619,3.0975213445912395,3.7424238950988356,43.41658669218482,1.0524183514128884,0.7314047902420511,0.93697045035757,0.7659476401179941,0.9451445515196442,2.23606797749979,Dosenoeffner
20,0.10985352862849534,0.49877136352623025,1.25126397633015,2,7145,418,228.53809834748103,7.272945408240227,3.0373831775700935,1.5853658536585367,23.769728648009426,1.5167550423321108,0.910870883739543,0.9518534973602496,0.7396912586419169,0.9640449438202248,16.278820596099706,Flaschenoeffner
31,0.012014075415911882,0.5325534289017253,1.1153466917210588,3,29769,437,253.47454523257232,2.9209362951931257,3.0812037957866316,1.0526315789473684,11.180339887498949,1.5948390691916092,0.6959925735956133,0.9568255033125808,0.6586168593409306,0.9351701782820098,20.248456731316587,Dosenoeffner
26,1.0,0.616462555033406,1.1663807471041632,1,29466,425,254.99999999999997,0.9963695926877573,2.0072872703841744,2.0072872703841744,8.06225774829855,1.7473675265012807,0.7149108026923897,0.7149108026923897,0.4254675392240081,0.4254675392240081,12.041594578792296,Korkenzieher
4,0.1781168391392443,0.01998836322343589,0.705926302419959,7,0,454,220.89020833333333,299.0,1.0,2.2784091391839354,299.0,0.09691001300805624,1.0,0.9677138692664751,1.0,0.9898242869644005,0.0,Flaschenoeffner
26,0.043386579964188106,0.28512141133552693,1.0136750529609024,4,11239,446,244.56421537816885,16.526111147339172,3.4106561538673286,2.607299047002583,56.08029957123981,0.7998442550971319,0.8073719434278174,0.9577803791706808,0.8916338427603592,0.9588648789377766,3.1622776601683795,Flaschenoeffner
4,0.1781168391392443,0.01998836322343589,0.705926302419959,7,0,454,220.89020833333333,299.0,1.0,2.2784091391839354,299.0,0.09691001300805624,1.0,0.9677138692664751,1.0,0.9898242869644005,0.0,Flaschenoeffner
20,0.11951430424443324,0.31421125975961206,1.372003656688711,6,13850,502,217.21285638392067,19.57831325301205,2.5538461538461537,1.369999829477659,51.0,0.860977075120485,0.8207612889231666,0.8754686720886055,0.7430391946883701,0.8730096065271746,15.132745950421556,Korkenzieher
15,0.1387712165581554,0.6529467926018195,1.1788126272484412,4,10043,425,203.7302338530067,0.22458012258372892,3.148572425072575,1.1690139603657217,16.97056274847714,1.9917768669698068,0.9042306724536862,0.9586678442330655,0.6171676229580109,0.9876568191015783,35.510561809129406,Flaschenoeffner
24,0.1521715245405032,0.3814417567858557,1.088953507996854,4,13706,487,188.2622723062674,8.362049362526468,2.630934002684843,4.8783130771113346,37.0,1.1147735860766175,0.8100467418731668,0.9020230745699768,0.6630208550139449,0.6138795668967264,15.297058540778355,Dosenoeffner
32,0.21821850957107236,0.2924159629956964,1.0267840123649898,11,82822,502,184.46952982349362,6.143116143938144,1.465054508025369,2.24116401535406,30.066592756745816,0.29023120271372016,0.49437716370047574,0.8660083744953525,0.5830269365221228,0.7340251941779258,27.202941017470888,Korkenzieher
19,0.4685521785806834,0.5199446828324028,0.8884452672514058,16,19058,462,197.58492896849907,9.79540289509121,2.552217633899296,4.507649688714271,5.0,1.5227320823378112,0.846848673981502,0.9220822686067072,0.6219822474988775,0.9722318239428506,27.459060435491963,Dosenoeffner
16,0.0426716799091941,0.46613883119408256,1.5284201394524275,2,4176,283,245.04998958550303,5.471653664638945,4.239089027031273,1.2,26.476404589747453,1.4274653007587483,0.9314960062709645,0.9680045259448673,0.8859558153420697,0.975669099756691,3.605551275463989,Flaschenoeffner
13,0.04159281578636417,0.6457254601972923,1.0431170190557122,2,3617,346,245.28571428571428,2.324013911119286,5.593770303095548,1.5714283943933385,19.697715603592208,2.000202279302755,0.9176564362597723,0.9747571652173205,0.8179972936400541,0.9777777777777777,20.024984394500787,Flaschenoeffner
17,0.12933481426632112,0.5182091916006364,1.0509033696724754,2,10582,388,223.4966685174903,5.560637330562485,3.2370390172845913,1.6263568551349212,30.4138126514911,1.5809066044168296,0.9339217841675671,0.9319587656796228,0.7530669144981412,0.9295489102889002,17.029386365926403,Flaschenoeffner
20,0.06666450504198956,0.34800876649038937,1.3287998022171983,3,38144,425,226.42421191719626,-3.8506532741583257,2.3372657466718336,2.0384615384615383,10.04987562112089,0.8395048601138061,0.6399578266843916,0.9670475212394808,0.6398016762094432,0.967984934086629,20.396078054371138,Dosenoeffner
12,0.10878003060646337,0.14093188264321044,0.9667390476816431,2,491,270,227.92726430878994,46.08323822494956,2.220183486238532,1.7073170187074649,103.0,0.1686054833314583,0.9711325795859246,0.9656251285697639,0.9939002568312914,0.989642547451585,11.180339887498949,Flaschenoeffner
15,1.0,0.48207319174065544,1.617554355650901,1,11456,250,255.0,1.4557342899034307,2.9144334351021777,2.9144334351021777,7.7781745930520225,1.3876124477796177,0.7841682447447691,0.7841682447447691,0.6268366464995678,0.6268366464995678,21.93171219946131,Korkenzieher
4,0.04388726637530465,0.02192706088747498,1.05977407305653,5,0,424,237.4617445054945,164.66917293233084,1.0991735537190082,2.959145919112833,181.0,1.8923979306873258,1.0,0.8532883397700182,1.0,0.766674707514172,0.0,Korkenzieher
38,0.0008834822793842808,0.1581487215083719,1.1693187611895828,16,22554,429,254.99999999999997,20.17000791454367,2.219990519794958,2.8043479777524434,47.0,0.16106871490459196,0.5729634358726176,0.9154724972912032,0.7127650556450343,0.5909090909090909,22.80350850198276,Flaschenoeffner
25,0.15848346694235887,0.3816392704985146,1.1241361115262436,4,13581,481,186.7326848119399,7.958477051258295,2.638695803825902,4.877517561489535,36.0,1.1153733869531386,0.810114084552876,0.90034318013891,0.6633873760428144,0.6207514604354754,15.524174696260024,Dosenoeffner
18,0.062185515494326264,0.22437444695466036,1.0935134624132608,5,92700,470,218.7782601245216,14.688449827877204,1.4993219709099823,8.76627833992787,60.01666435249463,0.11638647268725533,0.5699042347460768,0.9342873031276896,0.6833557954145736,0.8475484786378685,39.01281840626232,Korkenzieher
26,0.1969459242501642,0.34864967320961315,0.938861578657975,2,24330,428,207.62329992841805,-4.515785104576277,1.55011804988378,4.7884014434436155,40.162171256046406,0.27694937760680105,0.8182302019483777,0.9381648404656483,0.4947020704344844,0.8640838869767069,79.32212806020776,Korkenzieher
27,0.2795835765968473,0.28519436496515393,1.0164562174388783,2,30716,446,185.24053443440326,-11.11443799223348,1.767690162841999,1.5104038091425283,-6.708203932499369,0.6536561082976703,0.6868151173125419,0.9527951659968179,0.7316512440485332,0.9903796997722731,22.360679774997898,Flaschenoeffner
21,0.07540868342415187,0.4937871458966829,1.281208038341988,2,7787,385,236.8782364255067,7.643293884828217,3.6446036190840934,1.2592593702633181,32.01562118716424,1.4972619061588794,0.9002102752446217,0.9642736080836939,0.7235677816741465,0.9591184924944107,5.385164807134504,Flaschenoeffner
16,0.08709934769346285,0.5004866616356487,1.1032585972899405,2,8378,368,234.0713758760605,3.9681959612678934,3.7207898007929616,1.9109834035319035,23.259406699226016,1.5315997408543793,0.9108879341675687,0.9491487562660708,0.7512427287149657,0.9500895828001024,10.0,Flaschenoeffner
22,1.0,0.44644994679509237,0.9927100677045265,1,23560,352,255.00000000000003,6.180722265865434,3.5520926933328316,3.5520926933328316,25.80697580112788,1.3391902970790488,0.7631287968547469,0.7631287968547469,0.7329867308139986,0.7329867308139986,6.324555320336759,Dosenoeffner
24,0.22885822266911687,0.31996124760111616,1.1875884542512882,4,10737,467,198.80736137667301,8.188333018742727,2.0868725602050353,1.81284380672343,35.17101079013795,0.7567582273603102,0.8373738702040843,0.9424777931712484,0.6858087221191801,0.9711616273081733,46.87216658103186,Korkenzieher
36,0.01506122716259577,0.6721080493471726,1.4657347530449574,3,31724,442,249.7854077253219,14.88631812420735,1.0831768716789854,1.3999998921040677,9.899494936611665,1.8338617714135412,0.7145673343445373,0.9656186030596173,0.3189931589116925,0.9725158562367865,8.0,Korkenzieher
24,0.23282068521164243,0.38142267437722915,0.9656380609563012,5,15867,453,169.7535415458537,8.870601898423319,2.6305457111431867,3.1789147865969034,37.8549864614954,1.1138317770940669,0.804424983403801,0.7680707175638255,0.6617479399742323,0.5189509834530128,17.4928556845359,Dosenoeffner
4,0.03784827801483273,0.01998836322343589,0.705926302419959,14,0,466,246.26129166666666,299.0,1.0,3.431578947368421,299.0,0.09691001300805624,1.0,0.8383494573869261,1.0,0.6158730158730159,0.0,Flaschenoeffner
21,0.13580014239644847,0.6871628066895065,1.0086608712258662,3,17966,430,199.9650837988827,-2.331717722080057,3.536539253078678,1.4051446034461121,-2.0,2.096248458990807,0.8674630092617779,0.940740000882852,0.546803613754251,0.9023236399053848,8.602325267042627,Flaschenoeffner
11,0.05734664253328793,0.46346218658680866,0.878511787141368,3,1145,404,230.8472241842068,6.684774007685875,5.345750915337526,1.7941176470588236,34.17601498127012,1.4250906942007824,0.9303194113595811,0.9599975148975163,0.9804786336800675,0.981896287204664,4.0,Flaschenoeffner
21,0.08722453801137829,0.2840056551038401,1.2100548221725522,10,13598,449,219.57934143788745,9.05225986578685,2.3641537998613855,1.7985269802101629,44.10215414239989,0.7687299043262907,0.8356216036565822,0.7617398779709458,0.8109515734766236,0.8327715841327457,22.80350850198276,Dosenoeffner
33,0.02018287529134544,0.1747041377649805,1.142435901617884,8,20971,500,248.53056031442102,36.91062901455882,1.7899490851422815,1.4768393607359394,66.12866246946176,0.18309254522737195,0.6559322230970389,0.9502291925089812,0.7097049788231873,0.9342027267338471,4.123105625617661,Dosenoeffner
22,0.1241596414470174,0.28188814394417994,2.540517519329253,2,8106,345,225.68231611893583,4.195259324048129,2.0365853658536586,1.962962962962963,9.486832980505138,0.6774391178442632,0.860848435442054,0.961246442489837,0.7636082138200783,0.9552545155993432,2.23606797749979,Flaschenoeffner
21,0.04164067013287117,0.4192809975556786,1.2385141360628575,2,6937,417,245.17848210631624,6.908387882036177,3.172999343853024,2.6911764284416413,24.839484696748443,1.261203437578789,0.8715297312883691,0.9484615725204729,0.7780474649406688,0.9454354669464848,5.0,Flaschenoeffner
19,1.0,0.3433752672600512,1.211766625814393,1,5896,295,255.00000000000003,9.445119989826978,3.2821181767292593,3.2821181767292593,41.0,1.009526273687679,0.9099946519689526,0.9099946519689526,0.8720823409322899,0.8720823409322899,10.44030650891055,Dosenoeffner
24,0.0075852516324780685,0.45695696332663355,1.0748430049068258,6,4134,414,247.63343121167634,5.680342313667875,4.631040071763867,1.049999919078051,26.40075756488817,1.4008233967252572,0.8892862509686486,0.9713237817938802,0.8797485493230174,0.9773371104815864,7.280109889280518,Korkenzieher
24,0.22885822266911687,0.31996124760111616,1.1875884542512882,4,10737,467,198.80736137667301,8.188333018742727,2.0868725602050353,1.81284380672343,35.17101079013795,0.7567582273603102,0.8373738702040843,0.9424777931712484,0.6858087221191801,0.9711616273081733,46.87216658103186,Korkenzieher
8,0.05721870439109599,0.0348025751474621,1.124456389009997,2,3052,479,240.99752218048118,96.87101673293468,1.232248605170063,2.705169887525257,126.82665335015349,0.9697317807389476,0.9243981904017745,0.8976065957166998,0.9867215494171543,0.7430788747108424,8.48528137423857,Flaschenoeffner
12,0.10878003060646337,0.14093188264321044,0.9667390476816431,2,491,270,227.92726430878994,46.08323822494956,2.220183486238532,1.7073170187074649,103.0,0.1686054833314583,0.9711325795859246,0.9656251285697639,0.9939002568312914,0.989642547451585,11.180339887498949,Flaschenoeffner
23,0.006281687137082312,0.2909979278244401,0.8465654355263158,3,61861,441,252.5251705099058,10.282478112000666,2.276630163123632,1.0,5.385164807134504,0.7407081774366122,0.604929109018296,0.9602433163949876,0.7942485371111796,0.9715142428785607,36.138621999185304,Dosenoeffner
18,0.062185515494326264,0.22437444695466036,1.0935134624132608,5,92700,470,218.7782601245216,14.688449827877204,1.4993219709099823,8.76627833992787,60.01666435249463,0.11638647268725533,0.5699042347460768,0.9342873031276896,0.6833557954145736,0.8475484786378685,39.01281840626232,Korkenzieher
31,0.026692650662887177,0.32323131065289373,1.1168762341019463,4,46804,455,237.89818592136098,-3.3159842555398154,2.0229902844961876,2.106280072234793,19.4164878389476,0.6004056003300853,0.5914189167339713,0.9087379697206955,0.592728068256399,0.8738521024649589,32.31098884280702,Dosenoeffner
22,0.05401175418423406,0.3907447523987761,0.8625779505560088,14,53679,451,235.38032438513702,-2.879431394504017,2.5283151052586614,2.467032689193283,0.7071067811865476,1.0744520421642925,0.5975571318180688,0.8705986032151108,0.6464321110009911,0.8224708171206225,21.0,Dosenoeffner
17,0.08504944735311228,0.3903348340119443,1.0277301935997425,2,9209,434,234.32816495115713,10.000283417371493,3.584588072334049,1.712074405880314,35.84689665786984,1.1671932018311721,0.8894165713664582,0.9475893487954493,0.8447411650730803,0.9722591677750333,0.0,Flaschenoeffner
29,0.31060392233198697,0.2237413169359772,1.1923524665960183,25,28023,500,117.47372357973072,27.17008097331412,1.379335580180854,1.5391840618806452,41.72529209005013,0.3855097685770503,0.559665024088358,0.6640630853260548,0.6633374437507666,0.9827549040741539,4.47213595499958,Korkenzieher
14,0.10460932726902451,0.2036872721905294,2.5010677076169476,5,793,327,207.79405914334967,9.768211920529803,2.559322033898305,1.6598359768458055,26.0,0.47065930916198884,0.967808667918791,0.9514339062988059,0.958799791720906,0.9407814407814408,2.23606797749979,Flaschenoeffner
24,0.2123066125537823,0.36441141459013426,1.214814948445335,3,10470,399,158.80156697303,10.296296296296298,2.5251798561151078,1.2202776588333093,26.0,1.0317958253880672,0.9014596425275,0.9364593045416755,0.762621737663335,0.9091206062981837,5.0,Flaschenoeffner
18,0.07577541429631461,0.2796444627249599,1.0013882149510702,2,6450,350,236.38488996979564,17.213184879196998,2.747715468896323,1.6290321657681104,50.96076922496363,0.7660355488676607,0.9375097798873152,0.938410905384887,0.9043690666857547,0.9130901287553648,10.04987562112089,Flaschenoeffner
19,1.0,0.39735919467606334,1.0269255767599152,1,52480,375,254.99999999999997,-1.7947753986765205,3.523870075888342,3.523870075888342,-8.54400374531753,1.1247810386595756,0.6294013573029391,0.6294013573029391,0.7333789248334919,0.7333789248334919,6.324555320336759,Dosenoeffner
4,0.009030075167014585,0.01998836322343589,0.705926302419959,5,0,260,252.21766666666667,299.0,1.0,2.309811729589749,299.0,0.09691001300805624,1.0,0.8515438090545804,1.0,0.7712449416805522,0.0,Flaschenoeffner
31,0.012850299744715027,0.34997313985101786,1.5202268843286226,3,10859,447,250.43874451569354,3.2775784594992428,2.624597816144091,1.4390243918979264,22.360679774997898,1.0147012866937057,0.7915679039089977,0.9614267076532302,0.7477479409746054,0.9676025917926566,14.212670403551895,Dosenoeffner
12,0.1379971250598946,0.5886670134487894,0.9729356008023349,3,5692,356,217.30055579307395,1.1983518727788265,3.7319055083789885,1.2070378517945288,24.0,1.802918949893841,0.9423226478322028,0.9395110319959131,0.7410384286382931,0.8925200732497535,40.311288741492746,Flaschenoeffner
9,0.07020495413025622,0.03554036137918659,1.479470852664572,2,477,360,237.86270117314155,80.26031157141858,1.2758022862163958,1.1166180473272704,106.50821564555478,0.9193226773711768,0.9540537551845555,0.8040105877414174,0.9889020463686987,0.8796032238065716,6.324555320336759,Flaschenoeffner
4,0.36184403053503195,0.01998836322343589,0.705926302419959,5,0,495,171.74816666666666,299.0,1.0,1.1392045695919677,299.0,0.09691001300805624,1.0,0.9681115216369163,1.0,0.9958503041320539,0.0,Korkenzieher
4,0.4209328660512619,0.02199952960731766,0.674806518032098,9,0,474,162.38509174311926,247.02504173622705,1.1011029411764706,1.1589595656130691,272.0,1.8763149691314687,1.0,0.951081794085648,1.0,0.9935568223798107,0.0,Korkenzieher
18,0.009355310889072743,0.4062833285847563,0.8693341459549623,3,56123,402,251.94206509889426,4.305665333905453,2.3225214280482644,1.2500000561958005,-8.0,1.0278576851818895,0.6712027579247734,0.9697450288729031,0.6434941078906146,0.9816360601001669,18.788294228055936,Dosenoeffner
25,0.025693035835023664,0.20551568756690253,0.9723581023794466,2,17231,499,248.7859169273296,38.65862365530258,2.070850502912845,1.5367813963213977,88.0,0.3739508233633725,0.7986810075117182,0.9571386310314465,0.7478441524180118,0.9657458563535911,32.38826948140329,Korkenzieher
18,0.04140540088621353,0.39883895130925223,1.157630091863418,4,3882,441,242.13288297565597,8.543678814395099,4.3068963364996815,1.595719472378216,37.589892258425,1.204330323377534,0.8992394937898149,0.9189417707631122,0.9097201095223608,0.9053930530164533,4.47213595499958,Flaschenoeffner
31,0.2538456085631247,0.38948913403883323,0.7618472186246893,14,26553,509,192.14019818591726,-17.384514514960014,1.531653581034727,1.865979381443299,48.08326112068523,0.7546253138611737,0.7801853929035842,0.9295870967428179,0.4912079111389672,0.9452601709176098,87.72684879784524,Korkenzieher
28,1.0,0.5289263660869625,0.8827601684021172,1,33018,430,255.0,1.9725664465251398,1.8278478181637454,1.8278478181637454,11.180339887498949,1.3692794450742758,0.6853679322745443,0.6853679322745443,0.3564566060562929,0.3564566060562929,50.00999900019995,Korkenzieher
12,0.1379971250598946,0.5886670134487894,0.9729356008023349,3,5692,356,217.30055579307395,1.1983518727788265,3.7319055083789885,1.2070378517945288,24.0,1.802918949893841,0.9423226478322028,0.9395110319959131,0.7410384286382931,0.8925200732497535,40.311288741492746,Flaschenoeffner
20,1.0,0.27101189865119624,1.0744055086104012,1,20657,427,255.0,11.651942633470615,2.267406428122494,2.267406428122494,34.40930106817051,0.673672038989813,0.8000656162823749,0.8000656162823749,0.7912199863542475,0.7912199863542475,25.709920264364882,Dosenoeffner
31,0.026692650662887177,0.32323131065289373,1.1168762341019463,4,46804,455,237.89818592136098,-3.3159842555398154,2.0229902844961876,2.106280072234793,19.4164878389476,0.6004056003300853,0.5914189167339713,0.9087379697206955,0.592728068256399,0.8738521024649589,32.31098884280702,Dosenoeffner
24,0.01216318005957476,0.2706080590452018,1.502608164169739,7,48697,454,252.15014159530716,34.122807017543856,1.025706940874036,2.1117024550727113,-4.123105625617661,1.0066188199982018,0.65785846656586,0.9581350615634935,0.5294960116026106,0.9660095173351462,73.08214556237385,Flaschenoeffner
22,0.011799197798442362,0.26759877518010866,1.3005108819317062,2,7516,400,252.28318772640102,13.536266538091192,2.623364552493283,1.2750000026656008,36.359317925395686,0.704669051600776,0.8982923322361999,0.9502940550507986,0.8493537841058388,0.974739970282318,1.0,Dosenoeffner
12,0.08453459933822471,0.5255066352704408,1.3339730151076132,2,6682,291,234.86387257117036,2.4429558692880766,3.1839194030626223,2.3255395678526556,22.627416997969522,1.5978589235268008,0.9310003983066617,0.9456767151059623,0.73407962826064,0.9440874035989717,26.248809496813376,Flaschenoeffner
4,0.1781168391392443,0.01998836322343589,0.705926302419959,7,0,454,220.89020833333333,299.0,1.0,2.2784091391839354,299.0,0.09691001300805624,1.0,0.9677138692664751,1.0,0.9898242869644005,0.0,Flaschenoeffner
4,0.011640750697285002,0.022156397452758436,0.6737939071384672,6,0,420,249.375,270.5453172205438,1.1051752921535893,7.91321598785105,299.0,1.8433828484947918,1.0,0.957174515024942,1.0,0.8469724770642202,0.0,Dosenoeffner
22,0.11192058623040219,0.5206468311612538,1.1792670324154482,2,34679,421,228.35805172271338,5.779746658171906,3.1143233543895983,1.7554320101603138,20.024984394500787,1.516802198405494,0.5544127927790964,0.9443346535112852,0.5837208723981,0.9129452649869678,26.30589287593181,Flaschenoeffner
32,0.007240535271959781,0.26999882885140825,0.8541036392836548,3,36830,461,252.06429657519368,3.591013057191313,1.6237623762376239,1.7,42.15447781671598,0.457985098348889,0.7132828731060202,0.9550769875913321,0.6905986193493532,0.9629629629629629,80.00624975587844,Korkenzieher
15,0.039247703173260415,0.40806748419304106,1.1823070130455449,2,54532,376,245.7344262295082,2.226515608248335,3.1758447080586567,1.8311991437359478,-5.656854249492381,1.1981759914808725,0.6309406989483793,0.9434832672006429,0.7750400243958222,0.8858792184724689,17.0,Dosenoeffner
